# GIMP devicerc

(GimpDeviceInfo "Core Pointer"
    (icon-name "gimp-cursor")
    (name "Core Pointer")
    (tool-options "GimpRectangleSelectOptions"
        (tool "gimp-rect-select-tool")
        (corner-radius 46.200000000000003))
    (use-fg-bg no)
    (use-opacity-paint-mode no)
    (use-brush no)
    (use-dynamics no)
    (use-mypaint-brush no)
    (use-gradient no)
    (use-pattern no)
    (use-palette no)
    (use-font no)
    (mode screen)
    (axes 2 x y)
    (keys 0)
    (pressure-curve
        (curve-type smooth)
        (points 4 0 0 1 1)
        (point-types 2 smooth smooth)
        (n-samples 256)
        (samples 256 0 0.0039220000000000001 0.0078429999999999993 0.011764999999999999 0.015685999999999999 0.019608 0.023529000000000001 0.027451 0.031372999999999998 0.035293999999999999 0.039216000000000001 0.043137000000000002 0.047058999999999997 0.050979999999999998 0.054901999999999999 0.058824000000000001 0.062744999999999995 0.066667000000000004 0.070587999999999998 0.074510000000000007 0.078431000000000001 0.082352999999999996 0.086275000000000004 0.090195999999999998 0.094117999999999993 0.098039000000000001 0.101961 0.105882 0.109804 0.11372500000000001 0.117647 0.121569 0.12548999999999999 0.129412 0.13333300000000001 0.13725499999999999 0.141176 0.145098 0.14902000000000001 0.15294099999999999 0.156863 0.16078400000000001 0.16470599999999999 0.168627 0.17254900000000001 0.17647099999999999 0.180392 0.18431400000000001 0.18823500000000001 0.19215699999999999 0.196078 0.20000000000000001 0.20392199999999999 0.207843 0.21176500000000001 0.21568599999999999 0.219608 0.22352900000000001 0.22745099999999999 0.231373 0.235294 0.23921600000000001 0.24313699999999999 0.247059 0.25097999999999998 0.25490200000000002 0.258824 0.26274500000000001 0.26666699999999999 0.270588 0.27450999999999998 0.27843099999999998 0.28235300000000002 0.286275 0.29019600000000001 0.29411799999999999 0.298039 0.30196099999999998 0.30588199999999999 0.30980400000000002 0.31372499999999998 0.31764700000000001 0.32156899999999999 0.32549 0.32941199999999998 0.33333299999999999 0.33725500000000003 0.34117599999999998 0.34509800000000002 0.34902 0.352941 0.35686299999999999 0.36078399999999999 0.36470599999999997 0.36862699999999998 0.37254900000000002 0.376471 0.38039200000000001 0.38431399999999999 0.388235 0.39215699999999998 0.39607799999999999 0.40000000000000002 0.403922 0.40784300000000001 0.41176499999999999 0.415686 0.41960799999999998 0.42352899999999999 0.42745100000000003 0.43137300000000001 0.43529400000000001 0.439216 0.443137 0.44705899999999998 0.45097999999999999 0.45490199999999997 0.45882400000000001 0.46274500000000002 0.466667 0.47058800000000001 0.47450999999999999 0.478431 0.48235299999999998 0.48627500000000001 0.49019600000000002 0.494118 0.49803900000000001 0.50196099999999999 0.50588200000000005 0.50980400000000003 0.51372499999999999 0.51764699999999997 0.52156899999999995 0.52549000000000001 0.52941199999999999 0.53333299999999995 0.53725500000000004 0.54117599999999999 0.54509799999999997 0.54901999999999995 0.55294100000000002 0.556863 0.56078399999999995 0.56470600000000004 0.56862699999999999 0.57254899999999997 0.57647099999999996 0.58039200000000002 0.584314 0.58823499999999995 0.59215700000000004 0.596078 0.59999999999999998 0.60392199999999996 0.60784300000000002 0.611765 0.61568599999999996 0.61960800000000005 0.623529 0.62745099999999998 0.63137299999999996 0.63529400000000003 0.63921600000000001 0.64313699999999996 0.64705900000000005 0.65098 0.65490199999999998 0.65882399999999997 0.66274500000000003 0.66666700000000001 0.67058799999999996 0.67451000000000005 0.67843100000000001 0.68235299999999999 0.68627499999999997 0.69019600000000003 0.69411800000000001 0.69803899999999997 0.70196099999999995 0.70588200000000001 0.70980399999999999 0.71372500000000005 0.71764700000000003 0.72156900000000002 0.72548999999999997 0.72941199999999995 0.73333300000000001 0.73725499999999999 0.74117599999999995 0.74509800000000004 0.74902000000000002 0.75294099999999997 0.75686299999999995 0.76078400000000002 0.764706 0.76862699999999995 0.77254900000000004 0.77647100000000002 0.78039199999999997 0.78431399999999996 0.78823500000000002 0.792157 0.79607799999999995 0.80000000000000004 0.80392200000000003 0.80784299999999998 0.81176499999999996 0.81568600000000002 0.819608 0.82352899999999996 0.82745100000000005 0.83137300000000003 0.83529399999999998 0.83921599999999996 0.84313700000000003 0.84705900000000001 0.85097999999999996 0.85490200000000005 0.85882400000000003 0.86274499999999998 0.86666699999999997 0.87058800000000003 0.87451000000000001 0.87843099999999996 0.88235300000000005 0.88627500000000003 0.89019599999999999 0.89411799999999997 0.89803900000000003 0.90196100000000001 0.90588199999999997 0.90980399999999995 0.91372500000000001 0.91764699999999999 0.92156899999999997 0.92549000000000003 0.92941200000000002 0.93333299999999997 0.93725499999999995 0.94117600000000001 0.94509799999999999 0.94901999999999997 0.95294100000000004 0.95686300000000002 0.96078399999999997 0.96470599999999995 0.96862700000000002 0.972549 0.97647099999999998 0.98039200000000004 0.98431400000000002 0.98823499999999997 0.99215699999999996 0.99607800000000002 1)))
(GimpDeviceInfo "Logitech G203 Prodigy Gaming Mouse"
    (icon-name "gimp-cursor")
    (name "Logitech G203 Prodigy Gaming Mouse")
    (tool-options "GimpMoveOptions"
        (tool "gimp-move-tool"))
    (use-fg-bg no)
    (use-opacity-paint-mode no)
    (use-brush no)
    (use-dynamics no)
    (use-mypaint-brush no)
    (use-gradient no)
    (use-pattern no)
    (use-palette no)
    (use-font no)
    (mode disabled)
    (axes 4 x y pressure xtilt)
    (keys 0)
    (pressure-curve
        (curve-type smooth)
        (points 0)
        (point-types 0)
        (n-samples 256)
        (samples 256 0 0.0039215686274509803 0.0078431372549019607 0.011764705882352941 0.015686274509803921 0.019607843137254902 0.023529411764705882 0.027450980392156862 0.031372549019607843 0.035294117647058823 0.039215686274509803 0.043137254901960784 0.047058823529411764 0.050980392156862744 0.054901960784313725 0.058823529411764705 0.062745098039215685 0.066666666666666666 0.070588235294117646 0.074509803921568626 0.078431372549019607 0.082352941176470587 0.086274509803921567 0.090196078431372548 0.094117647058823528 0.098039215686274508 0.10196078431372549 0.10588235294117647 0.10980392156862745 0.11372549019607843 0.11764705882352941 0.12156862745098039 0.12549019607843137 0.12941176470588237 0.13333333333333333 0.13725490196078433 0.14117647058823529 0.14509803921568629 0.14901960784313725 0.15294117647058825 0.15686274509803921 0.16078431372549021 0.16470588235294117 0.16862745098039217 0.17254901960784313 0.17647058823529413 0.1803921568627451 0.18431372549019609 0.18823529411764706 0.19215686274509805 0.19607843137254902 0.20000000000000001 0.20392156862745098 0.20784313725490197 0.21176470588235294 0.21568627450980393 0.2196078431372549 0.22352941176470589 0.22745098039215686 0.23137254901960785 0.23529411764705882 0.23921568627450981 0.24313725490196078 0.24705882352941178 0.25098039215686274 0.25490196078431371 0.25882352941176473 0.2627450980392157 0.26666666666666666 0.27058823529411763 0.27450980392156865 0.27843137254901962 0.28235294117647058 0.28627450980392155 0.29019607843137257 0.29411764705882354 0.29803921568627451 0.30196078431372547 0.30588235294117649 0.30980392156862746 0.31372549019607843 0.31764705882352939 0.32156862745098042 0.32549019607843138 0.32941176470588235 0.33333333333333331 0.33725490196078434 0.3411764705882353 0.34509803921568627 0.34901960784313724 0.35294117647058826 0.35686274509803922 0.36078431372549019 0.36470588235294116 0.36862745098039218 0.37254901960784315 0.37647058823529411 0.38039215686274508 0.3843137254901961 0.38823529411764707 0.39215686274509803 0.396078431372549 0.40000000000000002 0.40392156862745099 0.40784313725490196 0.41176470588235292 0.41568627450980394 0.41960784313725491 0.42352941176470588 0.42745098039215684 0.43137254901960786 0.43529411764705883 0.4392156862745098 0.44313725490196076 0.44705882352941179 0.45098039215686275 0.45490196078431372 0.45882352941176469 0.46274509803921571 0.46666666666666667 0.47058823529411764 0.47450980392156861 0.47843137254901963 0.4823529411764706 0.48627450980392156 0.49019607843137253 0.49411764705882355 0.49803921568627452 0.50196078431372548 0.50588235294117645 0.50980392156862742 0.51372549019607838 0.51764705882352946 0.52156862745098043 0.52549019607843139 0.52941176470588236 0.53333333333333333 0.53725490196078429 0.54117647058823526 0.54509803921568623 0.5490196078431373 0.55294117647058827 0.55686274509803924 0.5607843137254902 0.56470588235294117 0.56862745098039214 0.5725490196078431 0.57647058823529407 0.58039215686274515 0.58431372549019611 0.58823529411764708 0.59215686274509804 0.59607843137254901 0.59999999999999998 0.60392156862745094 0.60784313725490191 0.61176470588235299 0.61568627450980395 0.61960784313725492 0.62352941176470589 0.62745098039215685 0.63137254901960782 0.63529411764705879 0.63921568627450975 0.64313725490196083 0.6470588235294118 0.65098039215686276 0.65490196078431373 0.6588235294117647 0.66274509803921566 0.66666666666666663 0.6705882352941176 0.67450980392156867 0.67843137254901964 0.68235294117647061 0.68627450980392157 0.69019607843137254 0.69411764705882351 0.69803921568627447 0.70196078431372544 0.70588235294117652 0.70980392156862748 0.71372549019607845 0.71764705882352942 0.72156862745098038 0.72549019607843135 0.72941176470588232 0.73333333333333328 0.73725490196078436 0.74117647058823533 0.74509803921568629 0.74901960784313726 0.75294117647058822 0.75686274509803919 0.76078431372549016 0.76470588235294112 0.7686274509803922 0.77254901960784317 0.77647058823529413 0.7803921568627451 0.78431372549019607 0.78823529411764703 0.792156862745098 0.79607843137254897 0.80000000000000004 0.80392156862745101 0.80784313725490198 0.81176470588235294 0.81568627450980391 0.81960784313725488 0.82352941176470584 0.82745098039215681 0.83137254901960789 0.83529411764705885 0.83921568627450982 0.84313725490196079 0.84705882352941175 0.85098039215686272 0.85490196078431369 0.85882352941176465 0.86274509803921573 0.8666666666666667 0.87058823529411766 0.87450980392156863 0.8784313725490196 0.88235294117647056 0.88627450980392153 0.8901960784313725 0.89411764705882357 0.89803921568627454 0.90196078431372551 0.90588235294117647 0.90980392156862744 0.9137254901960784 0.91764705882352937 0.92156862745098034 0.92549019607843142 0.92941176470588238 0.93333333333333335 0.93725490196078431 0.94117647058823528 0.94509803921568625 0.94901960784313721 0.95294117647058818 0.95686274509803926 0.96078431372549022 0.96470588235294119 0.96862745098039216 0.97254901960784312 0.97647058823529409 0.98039215686274506 0.98431372549019602 0.9882352941176471 0.99215686274509807 0.99607843137254903 1)))
(GimpDeviceInfo "Logitech G203 Prodigy Gaming Mouse Consumer Control"
    (icon-name "gimp-cursor")
    (name "Logitech G203 Prodigy Gaming Mouse Consumer Control")
    (tool-options "GimpMoveOptions"
        (tool "gimp-move-tool"))
    (use-fg-bg no)
    (use-opacity-paint-mode no)
    (use-brush no)
    (use-dynamics no)
    (use-mypaint-brush no)
    (use-gradient no)
    (use-pattern no)
    (use-palette no)
    (use-font no)
    (mode disabled)
    (axes 4 x y pressure xtilt)
    (keys 0)
    (pressure-curve
        (curve-type smooth)
        (points 0)
        (point-types 0)
        (n-samples 256)
        (samples 256 0 0.0039215686274509803 0.0078431372549019607 0.011764705882352941 0.015686274509803921 0.019607843137254902 0.023529411764705882 0.027450980392156862 0.031372549019607843 0.035294117647058823 0.039215686274509803 0.043137254901960784 0.047058823529411764 0.050980392156862744 0.054901960784313725 0.058823529411764705 0.062745098039215685 0.066666666666666666 0.070588235294117646 0.074509803921568626 0.078431372549019607 0.082352941176470587 0.086274509803921567 0.090196078431372548 0.094117647058823528 0.098039215686274508 0.10196078431372549 0.10588235294117647 0.10980392156862745 0.11372549019607843 0.11764705882352941 0.12156862745098039 0.12549019607843137 0.12941176470588237 0.13333333333333333 0.13725490196078433 0.14117647058823529 0.14509803921568629 0.14901960784313725 0.15294117647058825 0.15686274509803921 0.16078431372549021 0.16470588235294117 0.16862745098039217 0.17254901960784313 0.17647058823529413 0.1803921568627451 0.18431372549019609 0.18823529411764706 0.19215686274509805 0.19607843137254902 0.20000000000000001 0.20392156862745098 0.20784313725490197 0.21176470588235294 0.21568627450980393 0.2196078431372549 0.22352941176470589 0.22745098039215686 0.23137254901960785 0.23529411764705882 0.23921568627450981 0.24313725490196078 0.24705882352941178 0.25098039215686274 0.25490196078431371 0.25882352941176473 0.2627450980392157 0.26666666666666666 0.27058823529411763 0.27450980392156865 0.27843137254901962 0.28235294117647058 0.28627450980392155 0.29019607843137257 0.29411764705882354 0.29803921568627451 0.30196078431372547 0.30588235294117649 0.30980392156862746 0.31372549019607843 0.31764705882352939 0.32156862745098042 0.32549019607843138 0.32941176470588235 0.33333333333333331 0.33725490196078434 0.3411764705882353 0.34509803921568627 0.34901960784313724 0.35294117647058826 0.35686274509803922 0.36078431372549019 0.36470588235294116 0.36862745098039218 0.37254901960784315 0.37647058823529411 0.38039215686274508 0.3843137254901961 0.38823529411764707 0.39215686274509803 0.396078431372549 0.40000000000000002 0.40392156862745099 0.40784313725490196 0.41176470588235292 0.41568627450980394 0.41960784313725491 0.42352941176470588 0.42745098039215684 0.43137254901960786 0.43529411764705883 0.4392156862745098 0.44313725490196076 0.44705882352941179 0.45098039215686275 0.45490196078431372 0.45882352941176469 0.46274509803921571 0.46666666666666667 0.47058823529411764 0.47450980392156861 0.47843137254901963 0.4823529411764706 0.48627450980392156 0.49019607843137253 0.49411764705882355 0.49803921568627452 0.50196078431372548 0.50588235294117645 0.50980392156862742 0.51372549019607838 0.51764705882352946 0.52156862745098043 0.52549019607843139 0.52941176470588236 0.53333333333333333 0.53725490196078429 0.54117647058823526 0.54509803921568623 0.5490196078431373 0.55294117647058827 0.55686274509803924 0.5607843137254902 0.56470588235294117 0.56862745098039214 0.5725490196078431 0.57647058823529407 0.58039215686274515 0.58431372549019611 0.58823529411764708 0.59215686274509804 0.59607843137254901 0.59999999999999998 0.60392156862745094 0.60784313725490191 0.61176470588235299 0.61568627450980395 0.61960784313725492 0.62352941176470589 0.62745098039215685 0.63137254901960782 0.63529411764705879 0.63921568627450975 0.64313725490196083 0.6470588235294118 0.65098039215686276 0.65490196078431373 0.6588235294117647 0.66274509803921566 0.66666666666666663 0.6705882352941176 0.67450980392156867 0.67843137254901964 0.68235294117647061 0.68627450980392157 0.69019607843137254 0.69411764705882351 0.69803921568627447 0.70196078431372544 0.70588235294117652 0.70980392156862748 0.71372549019607845 0.71764705882352942 0.72156862745098038 0.72549019607843135 0.72941176470588232 0.73333333333333328 0.73725490196078436 0.74117647058823533 0.74509803921568629 0.74901960784313726 0.75294117647058822 0.75686274509803919 0.76078431372549016 0.76470588235294112 0.7686274509803922 0.77254901960784317 0.77647058823529413 0.7803921568627451 0.78431372549019607 0.78823529411764703 0.792156862745098 0.79607843137254897 0.80000000000000004 0.80392156862745101 0.80784313725490198 0.81176470588235294 0.81568627450980391 0.81960784313725488 0.82352941176470584 0.82745098039215681 0.83137254901960789 0.83529411764705885 0.83921568627450982 0.84313725490196079 0.84705882352941175 0.85098039215686272 0.85490196078431369 0.85882352941176465 0.86274509803921573 0.8666666666666667 0.87058823529411766 0.87450980392156863 0.8784313725490196 0.88235294117647056 0.88627450980392153 0.8901960784313725 0.89411764705882357 0.89803921568627454 0.90196078431372551 0.90588235294117647 0.90980392156862744 0.9137254901960784 0.91764705882352937 0.92156862745098034 0.92549019607843142 0.92941176470588238 0.93333333333333335 0.93725490196078431 0.94117647058823528 0.94509803921568625 0.94901960784313721 0.95294117647058818 0.95686274509803926 0.96078431372549022 0.96470588235294119 0.96862745098039216 0.97254901960784312 0.97647058823529409 0.98039215686274506 0.98431372549019602 0.9882352941176471 0.99215686274509807 0.99607843137254903 1)))
(GimpDeviceInfo "SONiX USB DEVICE Consumer Control"
    (name "SONiX USB DEVICE Consumer Control")
    (tool-options "GimpMoveOptions"
        (tool "gimp-move-tool"))
    (use-fg-bg no)
    (use-opacity-paint-mode no)
    (use-brush no)
    (use-dynamics no)
    (use-mypaint-brush no)
    (use-gradient no)
    (use-pattern no)
    (use-palette no)
    (use-font no)
    (mode disabled)
    (axes 4 x y pressure xtilt)
    (keys 0)
    (pressure-curve
        (curve-type smooth)
        (points 0)
        (point-types 0)
        (n-samples 256)
        (samples 256 0 0.0039215686274509803 0.0078431372549019607 0.011764705882352941 0.015686274509803921 0.019607843137254902 0.023529411764705882 0.027450980392156862 0.031372549019607843 0.035294117647058823 0.039215686274509803 0.043137254901960784 0.047058823529411764 0.050980392156862744 0.054901960784313725 0.058823529411764705 0.062745098039215685 0.066666666666666666 0.070588235294117646 0.074509803921568626 0.078431372549019607 0.082352941176470587 0.086274509803921567 0.090196078431372548 0.094117647058823528 0.098039215686274508 0.10196078431372549 0.10588235294117647 0.10980392156862745 0.11372549019607843 0.11764705882352941 0.12156862745098039 0.12549019607843137 0.12941176470588237 0.13333333333333333 0.13725490196078433 0.14117647058823529 0.14509803921568629 0.14901960784313725 0.15294117647058825 0.15686274509803921 0.16078431372549021 0.16470588235294117 0.16862745098039217 0.17254901960784313 0.17647058823529413 0.1803921568627451 0.18431372549019609 0.18823529411764706 0.19215686274509805 0.19607843137254902 0.20000000000000001 0.20392156862745098 0.20784313725490197 0.21176470588235294 0.21568627450980393 0.2196078431372549 0.22352941176470589 0.22745098039215686 0.23137254901960785 0.23529411764705882 0.23921568627450981 0.24313725490196078 0.24705882352941178 0.25098039215686274 0.25490196078431371 0.25882352941176473 0.2627450980392157 0.26666666666666666 0.27058823529411763 0.27450980392156865 0.27843137254901962 0.28235294117647058 0.28627450980392155 0.29019607843137257 0.29411764705882354 0.29803921568627451 0.30196078431372547 0.30588235294117649 0.30980392156862746 0.31372549019607843 0.31764705882352939 0.32156862745098042 0.32549019607843138 0.32941176470588235 0.33333333333333331 0.33725490196078434 0.3411764705882353 0.34509803921568627 0.34901960784313724 0.35294117647058826 0.35686274509803922 0.36078431372549019 0.36470588235294116 0.36862745098039218 0.37254901960784315 0.37647058823529411 0.38039215686274508 0.3843137254901961 0.38823529411764707 0.39215686274509803 0.396078431372549 0.40000000000000002 0.40392156862745099 0.40784313725490196 0.41176470588235292 0.41568627450980394 0.41960784313725491 0.42352941176470588 0.42745098039215684 0.43137254901960786 0.43529411764705883 0.4392156862745098 0.44313725490196076 0.44705882352941179 0.45098039215686275 0.45490196078431372 0.45882352941176469 0.46274509803921571 0.46666666666666667 0.47058823529411764 0.47450980392156861 0.47843137254901963 0.4823529411764706 0.48627450980392156 0.49019607843137253 0.49411764705882355 0.49803921568627452 0.50196078431372548 0.50588235294117645 0.50980392156862742 0.51372549019607838 0.51764705882352946 0.52156862745098043 0.52549019607843139 0.52941176470588236 0.53333333333333333 0.53725490196078429 0.54117647058823526 0.54509803921568623 0.5490196078431373 0.55294117647058827 0.55686274509803924 0.5607843137254902 0.56470588235294117 0.56862745098039214 0.5725490196078431 0.57647058823529407 0.58039215686274515 0.58431372549019611 0.58823529411764708 0.59215686274509804 0.59607843137254901 0.59999999999999998 0.60392156862745094 0.60784313725490191 0.61176470588235299 0.61568627450980395 0.61960784313725492 0.62352941176470589 0.62745098039215685 0.63137254901960782 0.63529411764705879 0.63921568627450975 0.64313725490196083 0.6470588235294118 0.65098039215686276 0.65490196078431373 0.6588235294117647 0.66274509803921566 0.66666666666666663 0.6705882352941176 0.67450980392156867 0.67843137254901964 0.68235294117647061 0.68627450980392157 0.69019607843137254 0.69411764705882351 0.69803921568627447 0.70196078431372544 0.70588235294117652 0.70980392156862748 0.71372549019607845 0.71764705882352942 0.72156862745098038 0.72549019607843135 0.72941176470588232 0.73333333333333328 0.73725490196078436 0.74117647058823533 0.74509803921568629 0.74901960784313726 0.75294117647058822 0.75686274509803919 0.76078431372549016 0.76470588235294112 0.7686274509803922 0.77254901960784317 0.77647058823529413 0.7803921568627451 0.78431372549019607 0.78823529411764703 0.792156862745098 0.79607843137254897 0.80000000000000004 0.80392156862745101 0.80784313725490198 0.81176470588235294 0.81568627450980391 0.81960784313725488 0.82352941176470584 0.82745098039215681 0.83137254901960789 0.83529411764705885 0.83921568627450982 0.84313725490196079 0.84705882352941175 0.85098039215686272 0.85490196078431369 0.85882352941176465 0.86274509803921573 0.8666666666666667 0.87058823529411766 0.87450980392156863 0.8784313725490196 0.88235294117647056 0.88627450980392153 0.8901960784313725 0.89411764705882357 0.89803921568627454 0.90196078431372551 0.90588235294117647 0.90980392156862744 0.9137254901960784 0.91764705882352937 0.92156862745098034 0.92549019607843142 0.92941176470588238 0.93333333333333335 0.93725490196078431 0.94117647058823528 0.94509803921568625 0.94901960784313721 0.95294117647058818 0.95686274509803926 0.96078431372549022 0.96470588235294119 0.96862745098039216 0.97254901960784312 0.97647058823529409 0.98039215686274506 0.98431372549019602 0.9882352941176471 0.99215686274509807 0.99607843137254903 1)))
(GimpDeviceInfo "Virtual core XTEST pointer"
    (icon-name "gimp-cursor")
    (name "Virtual core XTEST pointer")
    (tool-options "GimpCropOptions"
        (tool "gimp-crop-tool"))
    (use-fg-bg no)
    (use-opacity-paint-mode no)
    (use-brush no)
    (use-dynamics no)
    (use-mypaint-brush no)
    (use-gradient no)
    (use-pattern no)
    (use-palette no)
    (use-font no)
    (mode disabled)
    (axes 2 x y)
    (keys 0)
    (pressure-curve
        (curve-type smooth)
        (points 4 0 0 1 1)
        (point-types 2 smooth smooth)
        (n-samples 256)
        (samples 256 0 0.0039220000000000001 0.0078429999999999993 0.011764999999999999 0.015685999999999999 0.019608 0.023529000000000001 0.027451 0.031372999999999998 0.035293999999999999 0.039216000000000001 0.043137000000000002 0.047058999999999997 0.050979999999999998 0.054901999999999999 0.058824000000000001 0.062744999999999995 0.066667000000000004 0.070587999999999998 0.074510000000000007 0.078431000000000001 0.082352999999999996 0.086275000000000004 0.090195999999999998 0.094117999999999993 0.098039000000000001 0.101961 0.105882 0.109804 0.11372500000000001 0.117647 0.121569 0.12548999999999999 0.129412 0.13333300000000001 0.13725499999999999 0.141176 0.145098 0.14902000000000001 0.15294099999999999 0.156863 0.16078400000000001 0.16470599999999999 0.168627 0.17254900000000001 0.17647099999999999 0.180392 0.18431400000000001 0.18823500000000001 0.19215699999999999 0.196078 0.20000000000000001 0.20392199999999999 0.207843 0.21176500000000001 0.21568599999999999 0.219608 0.22352900000000001 0.22745099999999999 0.231373 0.235294 0.23921600000000001 0.24313699999999999 0.247059 0.25097999999999998 0.25490200000000002 0.258824 0.26274500000000001 0.26666699999999999 0.270588 0.27450999999999998 0.27843099999999998 0.28235300000000002 0.286275 0.29019600000000001 0.29411799999999999 0.298039 0.30196099999999998 0.30588199999999999 0.30980400000000002 0.31372499999999998 0.31764700000000001 0.32156899999999999 0.32549 0.32941199999999998 0.33333299999999999 0.33725500000000003 0.34117599999999998 0.34509800000000002 0.34902 0.352941 0.35686299999999999 0.36078399999999999 0.36470599999999997 0.36862699999999998 0.37254900000000002 0.376471 0.38039200000000001 0.38431399999999999 0.388235 0.39215699999999998 0.39607799999999999 0.40000000000000002 0.403922 0.40784300000000001 0.41176499999999999 0.415686 0.41960799999999998 0.42352899999999999 0.42745100000000003 0.43137300000000001 0.43529400000000001 0.439216 0.443137 0.44705899999999998 0.45097999999999999 0.45490199999999997 0.45882400000000001 0.46274500000000002 0.466667 0.47058800000000001 0.47450999999999999 0.478431 0.48235299999999998 0.48627500000000001 0.49019600000000002 0.494118 0.49803900000000001 0.50196099999999999 0.50588200000000005 0.50980400000000003 0.51372499999999999 0.51764699999999997 0.52156899999999995 0.52549000000000001 0.52941199999999999 0.53333299999999995 0.53725500000000004 0.54117599999999999 0.54509799999999997 0.54901999999999995 0.55294100000000002 0.556863 0.56078399999999995 0.56470600000000004 0.56862699999999999 0.57254899999999997 0.57647099999999996 0.58039200000000002 0.584314 0.58823499999999995 0.59215700000000004 0.596078 0.59999999999999998 0.60392199999999996 0.60784300000000002 0.611765 0.61568599999999996 0.61960800000000005 0.623529 0.62745099999999998 0.63137299999999996 0.63529400000000003 0.63921600000000001 0.64313699999999996 0.64705900000000005 0.65098 0.65490199999999998 0.65882399999999997 0.66274500000000003 0.66666700000000001 0.67058799999999996 0.67451000000000005 0.67843100000000001 0.68235299999999999 0.68627499999999997 0.69019600000000003 0.69411800000000001 0.69803899999999997 0.70196099999999995 0.70588200000000001 0.70980399999999999 0.71372500000000005 0.71764700000000003 0.72156900000000002 0.72548999999999997 0.72941199999999995 0.73333300000000001 0.73725499999999999 0.74117599999999995 0.74509800000000004 0.74902000000000002 0.75294099999999997 0.75686299999999995 0.76078400000000002 0.764706 0.76862699999999995 0.77254900000000004 0.77647100000000002 0.78039199999999997 0.78431399999999996 0.78823500000000002 0.792157 0.79607799999999995 0.80000000000000004 0.80392200000000003 0.80784299999999998 0.81176499999999996 0.81568600000000002 0.819608 0.82352899999999996 0.82745100000000005 0.83137300000000003 0.83529399999999998 0.83921599999999996 0.84313700000000003 0.84705900000000001 0.85097999999999996 0.85490200000000005 0.85882400000000003 0.86274499999999998 0.86666699999999997 0.87058800000000003 0.87451000000000001 0.87843099999999996 0.88235300000000005 0.88627500000000003 0.89019599999999999 0.89411799999999997 0.89803900000000003 0.90196100000000001 0.90588199999999997 0.90980399999999995 0.91372500000000001 0.91764699999999999 0.92156899999999997 0.92549000000000003 0.92941200000000002 0.93333299999999997 0.93725499999999995 0.94117600000000001 0.94509799999999999 0.94901999999999997 0.95294100000000004 0.95686300000000002 0.96078399999999997 0.96470599999999995 0.96862700000000002 0.972549 0.97647099999999998 0.98039200000000004 0.98431400000000002 0.98823499999999997 0.99215699999999996 0.99607800000000002 1)))
(GimpDeviceInfo "SINOWEALTH Game Mouse"
    (icon-name "gimp-cursor")
    (name "SINOWEALTH Game Mouse")
    (tool-options "GimpCropOptions"
        (tool "gimp-crop-tool"))
    (use-fg-bg no)
    (use-opacity-paint-mode no)
    (use-brush no)
    (use-dynamics no)
    (use-mypaint-brush no)
    (use-gradient no)
    (use-pattern no)
    (use-palette no)
    (use-font no)
    (mode disabled)
    (axes 4 x y pressure xtilt)
    (keys 0)
    (pressure-curve
        (curve-type smooth)
        (points 4 0 0 1 1)
        (point-types 2 smooth smooth)
        (n-samples 256)
        (samples 256 0 0.0039220000000000001 0.0078429999999999993 0.011764999999999999 0.015685999999999999 0.019608 0.023529000000000001 0.027451 0.031372999999999998 0.035293999999999999 0.039216000000000001 0.043137000000000002 0.047058999999999997 0.050979999999999998 0.054901999999999999 0.058824000000000001 0.062744999999999995 0.066667000000000004 0.070587999999999998 0.074510000000000007 0.078431000000000001 0.082352999999999996 0.086275000000000004 0.090195999999999998 0.094117999999999993 0.098039000000000001 0.101961 0.105882 0.109804 0.11372500000000001 0.117647 0.121569 0.12548999999999999 0.129412 0.13333300000000001 0.13725499999999999 0.141176 0.145098 0.14902000000000001 0.15294099999999999 0.156863 0.16078400000000001 0.16470599999999999 0.168627 0.17254900000000001 0.17647099999999999 0.180392 0.18431400000000001 0.18823500000000001 0.19215699999999999 0.196078 0.20000000000000001 0.20392199999999999 0.207843 0.21176500000000001 0.21568599999999999 0.219608 0.22352900000000001 0.22745099999999999 0.231373 0.235294 0.23921600000000001 0.24313699999999999 0.247059 0.25097999999999998 0.25490200000000002 0.258824 0.26274500000000001 0.26666699999999999 0.270588 0.27450999999999998 0.27843099999999998 0.28235300000000002 0.286275 0.29019600000000001 0.29411799999999999 0.298039 0.30196099999999998 0.30588199999999999 0.30980400000000002 0.31372499999999998 0.31764700000000001 0.32156899999999999 0.32549 0.32941199999999998 0.33333299999999999 0.33725500000000003 0.34117599999999998 0.34509800000000002 0.34902 0.352941 0.35686299999999999 0.36078399999999999 0.36470599999999997 0.36862699999999998 0.37254900000000002 0.376471 0.38039200000000001 0.38431399999999999 0.388235 0.39215699999999998 0.39607799999999999 0.40000000000000002 0.403922 0.40784300000000001 0.41176499999999999 0.415686 0.41960799999999998 0.42352899999999999 0.42745100000000003 0.43137300000000001 0.43529400000000001 0.439216 0.443137 0.44705899999999998 0.45097999999999999 0.45490199999999997 0.45882400000000001 0.46274500000000002 0.466667 0.47058800000000001 0.47450999999999999 0.478431 0.48235299999999998 0.48627500000000001 0.49019600000000002 0.494118 0.49803900000000001 0.50196099999999999 0.50588200000000005 0.50980400000000003 0.51372499999999999 0.51764699999999997 0.52156899999999995 0.52549000000000001 0.52941199999999999 0.53333299999999995 0.53725500000000004 0.54117599999999999 0.54509799999999997 0.54901999999999995 0.55294100000000002 0.556863 0.56078399999999995 0.56470600000000004 0.56862699999999999 0.57254899999999997 0.57647099999999996 0.58039200000000002 0.584314 0.58823499999999995 0.59215700000000004 0.596078 0.59999999999999998 0.60392199999999996 0.60784300000000002 0.611765 0.61568599999999996 0.61960800000000005 0.623529 0.62745099999999998 0.63137299999999996 0.63529400000000003 0.63921600000000001 0.64313699999999996 0.64705900000000005 0.65098 0.65490199999999998 0.65882399999999997 0.66274500000000003 0.66666700000000001 0.67058799999999996 0.67451000000000005 0.67843100000000001 0.68235299999999999 0.68627499999999997 0.69019600000000003 0.69411800000000001 0.69803899999999997 0.70196099999999995 0.70588200000000001 0.70980399999999999 0.71372500000000005 0.71764700000000003 0.72156900000000002 0.72548999999999997 0.72941199999999995 0.73333300000000001 0.73725499999999999 0.74117599999999995 0.74509800000000004 0.74902000000000002 0.75294099999999997 0.75686299999999995 0.76078400000000002 0.764706 0.76862699999999995 0.77254900000000004 0.77647100000000002 0.78039199999999997 0.78431399999999996 0.78823500000000002 0.792157 0.79607799999999995 0.80000000000000004 0.80392200000000003 0.80784299999999998 0.81176499999999996 0.81568600000000002 0.819608 0.82352899999999996 0.82745100000000005 0.83137300000000003 0.83529399999999998 0.83921599999999996 0.84313700000000003 0.84705900000000001 0.85097999999999996 0.85490200000000005 0.85882400000000003 0.86274499999999998 0.86666699999999997 0.87058800000000003 0.87451000000000001 0.87843099999999996 0.88235300000000005 0.88627500000000003 0.89019599999999999 0.89411799999999997 0.89803900000000003 0.90196100000000001 0.90588199999999997 0.90980399999999995 0.91372500000000001 0.91764699999999999 0.92156899999999997 0.92549000000000003 0.92941200000000002 0.93333299999999997 0.93725499999999995 0.94117600000000001 0.94509799999999999 0.94901999999999997 0.95294100000000004 0.95686300000000002 0.96078399999999997 0.96470599999999995 0.96862700000000002 0.972549 0.97647099999999998 0.98039200000000004 0.98431400000000002 0.98823499999999997 0.99215699999999996 0.99607800000000002 1)))
(GimpDeviceInfo "SONiX USB DEVICE"
    (name "SONiX USB DEVICE")
    (tool-options "GimpCropOptions"
        (tool "gimp-crop-tool"))
    (use-fg-bg no)
    (use-opacity-paint-mode no)
    (use-brush no)
    (use-dynamics no)
    (use-mypaint-brush no)
    (use-gradient no)
    (use-pattern no)
    (use-palette no)
    (use-font no)
    (mode disabled)
    (axes 4 x y pressure xtilt)
    (keys 0)
    (pressure-curve
        (curve-type smooth)
        (points 4 0 0 1 1)
        (point-types 2 smooth smooth)
        (n-samples 256)
        (samples 256 0 0.0039220000000000001 0.0078429999999999993 0.011764999999999999 0.015685999999999999 0.019608 0.023529000000000001 0.027451 0.031372999999999998 0.035293999999999999 0.039216000000000001 0.043137000000000002 0.047058999999999997 0.050979999999999998 0.054901999999999999 0.058824000000000001 0.062744999999999995 0.066667000000000004 0.070587999999999998 0.074510000000000007 0.078431000000000001 0.082352999999999996 0.086275000000000004 0.090195999999999998 0.094117999999999993 0.098039000000000001 0.101961 0.105882 0.109804 0.11372500000000001 0.117647 0.121569 0.12548999999999999 0.129412 0.13333300000000001 0.13725499999999999 0.141176 0.145098 0.14902000000000001 0.15294099999999999 0.156863 0.16078400000000001 0.16470599999999999 0.168627 0.17254900000000001 0.17647099999999999 0.180392 0.18431400000000001 0.18823500000000001 0.19215699999999999 0.196078 0.20000000000000001 0.20392199999999999 0.207843 0.21176500000000001 0.21568599999999999 0.219608 0.22352900000000001 0.22745099999999999 0.231373 0.235294 0.23921600000000001 0.24313699999999999 0.247059 0.25097999999999998 0.25490200000000002 0.258824 0.26274500000000001 0.26666699999999999 0.270588 0.27450999999999998 0.27843099999999998 0.28235300000000002 0.286275 0.29019600000000001 0.29411799999999999 0.298039 0.30196099999999998 0.30588199999999999 0.30980400000000002 0.31372499999999998 0.31764700000000001 0.32156899999999999 0.32549 0.32941199999999998 0.33333299999999999 0.33725500000000003 0.34117599999999998 0.34509800000000002 0.34902 0.352941 0.35686299999999999 0.36078399999999999 0.36470599999999997 0.36862699999999998 0.37254900000000002 0.376471 0.38039200000000001 0.38431399999999999 0.388235 0.39215699999999998 0.39607799999999999 0.40000000000000002 0.403922 0.40784300000000001 0.41176499999999999 0.415686 0.41960799999999998 0.42352899999999999 0.42745100000000003 0.43137300000000001 0.43529400000000001 0.439216 0.443137 0.44705899999999998 0.45097999999999999 0.45490199999999997 0.45882400000000001 0.46274500000000002 0.466667 0.47058800000000001 0.47450999999999999 0.478431 0.48235299999999998 0.48627500000000001 0.49019600000000002 0.494118 0.49803900000000001 0.50196099999999999 0.50588200000000005 0.50980400000000003 0.51372499999999999 0.51764699999999997 0.52156899999999995 0.52549000000000001 0.52941199999999999 0.53333299999999995 0.53725500000000004 0.54117599999999999 0.54509799999999997 0.54901999999999995 0.55294100000000002 0.556863 0.56078399999999995 0.56470600000000004 0.56862699999999999 0.57254899999999997 0.57647099999999996 0.58039200000000002 0.584314 0.58823499999999995 0.59215700000000004 0.596078 0.59999999999999998 0.60392199999999996 0.60784300000000002 0.611765 0.61568599999999996 0.61960800000000005 0.623529 0.62745099999999998 0.63137299999999996 0.63529400000000003 0.63921600000000001 0.64313699999999996 0.64705900000000005 0.65098 0.65490199999999998 0.65882399999999997 0.66274500000000003 0.66666700000000001 0.67058799999999996 0.67451000000000005 0.67843100000000001 0.68235299999999999 0.68627499999999997 0.69019600000000003 0.69411800000000001 0.69803899999999997 0.70196099999999995 0.70588200000000001 0.70980399999999999 0.71372500000000005 0.71764700000000003 0.72156900000000002 0.72548999999999997 0.72941199999999995 0.73333300000000001 0.73725499999999999 0.74117599999999995 0.74509800000000004 0.74902000000000002 0.75294099999999997 0.75686299999999995 0.76078400000000002 0.764706 0.76862699999999995 0.77254900000000004 0.77647100000000002 0.78039199999999997 0.78431399999999996 0.78823500000000002 0.792157 0.79607799999999995 0.80000000000000004 0.80392200000000003 0.80784299999999998 0.81176499999999996 0.81568600000000002 0.819608 0.82352899999999996 0.82745100000000005 0.83137300000000003 0.83529399999999998 0.83921599999999996 0.84313700000000003 0.84705900000000001 0.85097999999999996 0.85490200000000005 0.85882400000000003 0.86274499999999998 0.86666699999999997 0.87058800000000003 0.87451000000000001 0.87843099999999996 0.88235300000000005 0.88627500000000003 0.89019599999999999 0.89411799999999997 0.89803900000000003 0.90196100000000001 0.90588199999999997 0.90980399999999995 0.91372500000000001 0.91764699999999999 0.92156899999999997 0.92549000000000003 0.92941200000000002 0.93333299999999997 0.93725499999999995 0.94117600000000001 0.94509799999999999 0.94901999999999997 0.95294100000000004 0.95686300000000002 0.96078399999999997 0.96470599999999995 0.96862700000000002 0.972549 0.97647099999999998 0.98039200000000004 0.98431400000000002 0.98823499999999997 0.99215699999999996 0.99607800000000002 1)))

# end of devicerc
